[DASH_CAM]
POS=0.295825,0.968272,-0.26968
EXP=33
