[HEADER]
VERSION=2

[BASIC]
WHEELBASE=2.78
CG_LOCATION=0.56

[ARB]
FRONT=100000

[FRONT]
TYPE=DWB
BASEY=-0.051
TRACK=1.68
ROD_LENGTH=0.0300
HUB_MASS=92
WBCAR_TOP_FRONT=0.328,0.1385,0.1111
WBCAR_TOP_REAR=0.328,0.1344,-0.1517
WBCAR_BOTTOM_FRONT=0.4655,-0.17,0.2058
WBCAR_BOTTOM_REAR=0.4627,-0.17,-0.2565
WBTYRE_TOP=0.131,0.13,-0.0274
WBTYRE_BOTTOM=0.0967,-0.16,0.0344
WBCAR_STEER=0.4503,-0.08,0.1593
WBTYRE_STEER=0.0941,-0.071,0.19
TOE_OUT=-0.00015
STATIC_CAMBER=-3.5
SPRING_RATE=140500
PROGRESSIVE_SPRING_RATE=0
BUMP_STOP_RATE=202500
BUMPSTOP_UP=0.80
BUMPSTOP_DN=0.135
PACKER_RANGE=0.100
DAMP_BUMP=6800
DAMP_FAST_BUMP=1434
DAMP_FAST_BUMPTHRESHOLD=0.080
DAMP_REBOUND=9500
DAMP_FAST_REBOUND=5589
DAMP_FAST_REBOUNDTHRESHOLD=0.120

[REAR]
TYPE=AXLE
BASEY=-0.048
TRACK=2.10
ROD_LENGTH=0.0230
HUB_MASS=175
WBCAR_TOP_FRONT=0.3793, 0.0844, 0.1416
WBCAR_TOP_REAR=0.3701, 0.0959, -0.1316
WBCAR_BOTTOM_FRONT=0.4826, -0.1898, 0.2236
WBCAR_BOTTOM_REAR=0.4826, -0.2148, -0.144
WBTYRE_TOP=0.1252, 0.1398, -0.0451
WBTYRE_BOTTOM=0.1171, -0.1766, -0.0038
WBCAR_STEER=0.4749, -0.0956, -0.1153
WBTYRE_STEER=0.119, -0.043, -0.1222
TOE_OUT=0.00005
STATIC_CAMBER=-0.05
SPRING_RATE=150000
PROGRESSIVE_SPRING_RATE=0
BUMP_STOP_RATE=109500
BUMPSTOP_UP=0.110
BUMPSTOP_DN=0.050
DAMP_BUMP=7400
DAMP_FAST_BUMP=2050
DAMP_FAST_BUMPTHRESHOLD=0.080
DAMP_REBOUND=8700
DAMP_FAST_REBOUND=5300
DAMP_FAST_REBOUNDTHRESHOLD=0.100

[AXLE]
LINK_COUNT=6
J0_CAR=0.5958126,-0.0820257,0.481
J0_AXLE=0.5592442,-0.105,0

J1_CAR=-0.5958126,-0.0820257,0.481
J1_AXLE=-0.5592442,-0.105,0

J2_CAR=0.600897,0.005968348,0.481
J2_AXLE=0.5646375,0.03,0

J3_CAR=-0.600897,0.005968348,0.481
J3_AXLE=-0.5646375,0.03,0

J4_CAR=0.600897,0.005968348,0.481
J4_AXLE=-0.000,0.02,-0.03

J5_CAR=-0.600897,-0.005968348,0.481
J5_AXLE=-0.000,0.02,-0.03


TORQUE_REACTION=-0.5
ATTACH_REL_POS=0.68
LEAF_SPRING_LAT_K=0

[GRAPHICS_OFFSETS]
WHEEL_LF=0.01
SUSP_LF=0.01
WHEEL_RF=-0.01
SUSP_RF=-0.01
WHEEL_LR=-0.18
SUSP_LR=-0.18
WHEEL_RR=0.18
SUSP_RR=0.18

[DAMAGE]
MIN_VELOCITY=40
GAIN=0.0004
MAX_DAMAGE=0.05
DEBUG_LOG=0

